IRTTSD,IR Thermometer Text Sub Document
Fields:INDEX,TIMESTAMP,TEMPERATURE,UNIT
Version:1.0

0,1752157907000,26.0,°C
1,1752157908000,26.0,°C
2,1752157909000,26.0,°C
3,1752157910000,26.0,°C
4,1752157911000,26.0,°C
5,1752157912000,26.4,°C
6,1752157913000,26.5,°C
7,1752157914000,26.5,°C
8,1752157915000,26.4,°C
9,1752157916000,26.5,°C
10,1752157917000,26.4,°C
11,1752157918000,26.4,°C
12,1752157919000,26.4,°C
13,1752157920000,26.4,°C
14,1752157921000,26.3,°C
15,1752157922000,26.3,°C
16,1752157923000,26.4,°C
17,1752157924000,26.3,°C
18,1752157925000,26.2,°C
19,1752157926000,26.2,°C
20,1752157927000,26.5,°C
21,1752157928000,26.4,°C
22,1752157929000,26.4,°C
23,1752157930000,26.3,°C
24,1752157931000,26.3,°C
25,1752157932000,26.3,°C
26,1752157933000,26.2,°C
27,1752157934000,26.1,°C
28,1752157935000,26.1,°C
29,1752157936000,26.2,°C
30,1752157937000,25.3,°C
31,1752157938000,25.5,°C
32,1752157939000,25.3,°C
33,1752157940000,26.5,°C
34,1752157941000,26.4,°C
35,1752157942000,26.4,°C
36,1752157943000,26.4,°C
37,1752157944000,26.4,°C
38,1752157945000,26.4,°C
39,1752157946000,26.4,°C
40,1752157947000,26.2,°C
41,1752157948000,26.2,°C
42,1752157949000,26.2,°C
43,1752157950000,26.1,°C
44,1752157951000,24.7,°C
45,1752157952000,25.9,°C
46,1752157953000,26.0,°C
47,1752157954000,26.1,°C
48,1752157955000,25.3,°C
49,1752157956000,25.3,°C
50,1752157957000,25.3,°C
51,1752157958000,26.5,°C
52,1752157959000,26.5,°C
53,1752157960000,26.4,°C
54,1752157961000,26.3,°C
55,1752157962000,26.3,°C
56,1752157963000,26.2,°C
57,1752157964000,26.2,°C
58,1752157965000,26.2,°C
59,1752157966000,26.2,°C
60,1752157967000,26.1,°C
61,1752157968000,26.0,°C
62,1752157969000,26.1,°C
63,1752157970000,25.9,°C
64,1752157971000,25.9,°C
65,1752157972000,25.8,°C
66,1752157973000,54.9,°C
67,1752157974000,60.0,°C
68,1752157975000,64.4,°C
69,1752157976000,69.7,°C
70,1752157977000,69.7,°C
71,1752157978000,73.6,°C
72,1752157979000,73.6,°C
73,1752157980000,79.6,°C
74,1752157981000,79.9,°C
75,1752157982000,83.8,°C
76,1752157983000,86.2,°C
77,1752157984000,88.3,°C
78,1752157985000,91.4,°C
79,1752157986000,91.4,°C
80,1752157987000,91.6,°C
81,1752157988000,94.9,°C
82,1752157989000,97.5,°C
83,1752157990000,98.8,°C
84,1752157991000,98.8,°C
85,1752157992000,103.4,°C
86,1752157993000,105.2,°C
87,1752157994000,108.4,°C
88,1752157995000,110.5,°C
89,1752157996000,110.6,°C
90,1752157997000,114.6,°C
91,1752157998000,116.6,°C
92,1752157999000,118.3,°C
93,1752158000000,120.8,°C
94,1752158001000,123.0,°C
95,1752158002000,124.2,°C
96,1752158003000,127.0,°C
97,1752158004000,128.5,°C
98,1752158005000,130.6,°C
99,1752158006000,132.6,°C
100,1752158007000,134.6,°C
101,1752158008000,134.7,°C
102,1752158009000,137.2,°C
103,1752158010000,140.2,°C
104,1752158011000,140.2,°C
105,1752158012000,140.2,°C
106,1752158013000,145.2,°C
107,1752158014000,145.2,°C
108,1752158015000,149.9,°C
109,1752158016000,149.9,°C
110,1752158017000,150.0,°C
111,1752158018000,154.1,°C
112,1752158019000,155.3,°C
113,1752158020000,155.3,°C
114,1752158021000,159.3,°C
115,1752158022000,159.3,°C
116,1752158023000,159.4,°C
117,1752158024000,162.7,°C
118,1752158025000,162.7,°C
119,1752158026000,166.0,°C
120,1752158027000,167.1,°C
121,1752158028000,168.7,°C
122,1752158029000,168.7,°C
123,1752158030000,170.6,°C
124,1752158031000,172.4,°C
125,1752158032000,172.4,°C
126,1752158033000,172.9,°C
127,1752158034000,176.9,°C
128,1752158035000,176.9,°C
129,1752158036000,178.9,°C
130,1752158037000,179.0,°C
131,1752158038000,179.1,°C
132,1752158039000,179.5,°C
133,1752158040000,179.8,°C
134,1752158041000,180.1,°C
135,1752158042000,181.1,°C
136,1752158043000,181.5,°C
137,1752158044000,181.5,°C
138,1752158045000,181.5,°C
139,1752158046000,184.3,°C
140,1752158047000,184.3,°C
141,1752158048000,187.7,°C
142,1752158049000,187.7,°C
143,1752158050000,187.9,°C
144,1752158051000,188.5,°C
145,1752158052000,188.8,°C
146,1752158053000,191.9,°C
147,1752158054000,193.4,°C
148,1752158055000,193.3,°C
149,1752158056000,193.3,°C
150,1752158057000,195.3,°C
151,1752158058000,195.3,°C
152,1752158059000,195.3,°C
153,1752158060000,195.6,°C
154,1752158061000,195.8,°C
155,1752158062000,196.1,°C
156,1752158063000,197.1,°C
157,1752158064000,197.6,°C
158,1752158065000,198.1,°C
159,1752158066000,201.6,°C
160,1752158067000,201.7,°C
161,1752158068000,201.9,°C
162,1752158069000,205.1,°C
163,1752158070000,205.0,°C
164,1752158071000,206.6,°C
165,1752158072000,206.8,°C
166,1752158073000,206.9,°C
167,1752158074000,207.1,°C
168,1752158075000,210.9,°C
169,1752158076000,210.9,°C
170,1752158077000,210.9,°C
171,1752158078000,210.9,°C
172,1752158079000,214.3,°C
173,1752158080000,214.3,°C
174,1752158081000,214.5,°C
175,1752158082000,214.7,°C
176,1752158083000,217.0,°C
177,1752158084000,217.1,°C
178,1752158085000,219.1,°C
179,1752158086000,219.1,°C
180,1752158087000,219.2,°C
181,1752158088000,219.4,°C
182,1752158089000,219.7,°C
183,1752158090000,220.3,°C
184,1752158091000,223.4,°C
185,1752158092000,223.4,°C
186,1752158093000,223.6,°C
187,1752158094000,223.8,°C
188,1752158095000,226.4,°C
189,1752158096000,226.4,°C
190,1752158097000,226.4,°C
191,1752158098000,226.6,°C
192,1752158099000,227.2,°C
193,1752158100000,227.5,°C
194,1752158101000,227.7,°C
195,1752158102000,228.6,°C
196,1752158103000,228.9,°C
197,1752158104000,229.2,°C
198,1752158105000,229.7,°C
199,1752158106000,230.1,°C
200,1752158107000,230.5,°C
201,1752158108000,231.2,°C
202,1752158109000,231.2,°C
203,1752158110000,232.0,°C
204,1752158111000,232.0,°C
205,1752158112000,233.7,°C
206,1752158113000,234.2,°C
207,1752158114000,235.1,°C
208,1752158115000,235.6,°C
209,1752158116000,236.1,°C
210,1752158117000,236.9,°C
211,1752158118000,237.4,°C
212,1752158119000,237.8,°C
213,1752158120000,238.5,°C
214,1752158121000,238.8,°C
215,1752158122000,239.1,°C
216,1752158123000,239.8,°C
217,1752158124000,240.2,°C
218,1752158125000,240.6,°C
219,1752158126000,243.1,°C
220,1752158127000,243.0,°C
221,1752158128000,242.9,°C
222,1752158129000,243.1,°C
223,1752158130000,243.2,°C
224,1752158131000,243.3,°C
225,1752158132000,243.9,°C
226,1752158133000,244.3,°C
227,1752158134000,244.8,°C
228,1752158135000,245.5,°C
229,1752158136000,245.9,°C
230,1752158137000,246.4,°C
231,1752158138000,247.0,°C
232,1752158139000,247.4,°C
233,1752158140000,247.8,°C
234,1752158141000,250.6,°C
235,1752158142000,250.6,°C
236,1752158143000,250.6,°C
237,1752158144000,250.6,°C
238,1752158145000,253.2,°C
239,1752158146000,253.2,°C
240,1752158147000,253.4,°C
241,1752158148000,253.6,°C
242,1752158149000,253.8,°C
243,1752158150000,254.3,°C
244,1752158151000,256.4,°C
245,1752158152000,256.4,°C
246,1752158153000,256.5,°C
247,1752158154000,256.7,°C
248,1752158155000,256.9,°C
249,1752158156000,257.5,°C
250,1752158157000,257.8,°C
251,1752158158000,260.1,°C
252,1752158159000,260.1,°C
253,1752158160000,260.1,°C
254,1752158161000,260.3,°C
255,1752158162000,260.8,°C
256,1752158163000,261.1,°C
257,1752158164000,261.5,°C
258,1752158165000,262.3,°C
259,1752158166000,262.7,°C
260,1752158167000,263.1,°C
261,1752158168000,264.0,°C
262,1752158169000,264.4,°C
263,1752158170000,264.7,°C
264,1752158171000,265.4,°C
265,1752158172000,265.8,°C
266,1752158173000,266.2,°C
267,1752158174000,268.5,°C
268,1752158175000,268.5,°C
269,1752158176000,268.5,°C
270,1752158177000,268.8,°C
271,1752158178000,269.2,°C
272,1752158179000,269.2,°C
273,1752158180000,270.0,°C
274,1752158181000,270.3,°C
275,1752158182000,270.7,°C
276,1752158183000,271.3,°C
277,1752158184000,271.7,°C
278,1752158185000,272.0,°C
279,1752158186000,272.8,°C
280,1752158187000,273.1,°C
281,1752158188000,273.3,°C
282,1752158189000,273.9,°C
283,1752158190000,274.1,°C
284,1752158191000,274.3,°C
285,1752158192000,274.8,°C
286,1752158193000,275.1,°C
287,1752158194000,275.4,°C
288,1752158195000,276.1,°C
289,1752158196000,276.5,°C
290,1752158197000,276.7,°C
291,1752158198000,278.5,°C
292,1752158199000,278.6,°C
293,1752158200000,278.7,°C
294,1752158201000,278.9,°C
295,1752158202000,279.1,°C
296,1752158203000,279.3,°C
297,1752158204000,280.1,°C
298,1752158205000,280.4,°C
299,1752158206000,280.7,°C
300,1752158207000,281.3,°C
301,1752158208000,281.5,°C
302,1752158209000,281.8,°C
303,1752158210000,281.8,°C
304,1752158211000,281.8,°C
305,1752158212000,282.5,°C
306,1752158213000,282.9,°C
307,1752158214000,283.0,°C
308,1752158215000,283.3,°C
309,1752158216000,283.8,°C
310,1752158217000,284.0,°C
311,1752158218000,284.2,°C
312,1752158219000,284.8,°C
313,1752158220000,285.1,°C
314,1752158221000,286.9,°C
315,1752158222000,286.8,°C
316,1752158223000,286.8,°C
317,1752158224000,286.8,°C
318,1752158225000,286.8,°C
319,1752158226000,287.0,°C
320,1752158227000,287.2,°C
321,1752158228000,287.5,°C
322,1752158229000,287.7,°C
323,1752158230000,288.0,°C
324,1752158231000,288.4,°C
325,1752158232000,288.5,°C
326,1752158233000,288.6,°C
327,1752158234000,289.0,°C
328,1752158235000,289.1,°C
329,1752158236000,289.2,°C
330,1752158237000,289.4,°C
331,1752158238000,289.7,°C
332,1752158239000,289.9,°C
333,1752158240000,290.0,°C
334,1752158241000,290.3,°C
335,1752158242000,290.4,°C
336,1752158243000,290.9,°C
337,1752158244000,290.9,°C
338,1752158245000,291.2,°C
339,1752158246000,291.8,°C
340,1752158247000,292.1,°C
341,1752158248000,292.4,°C
342,1752158249000,292.7,°C
343,1752158250000,294.2,°C
344,1752158251000,294.2,°C
345,1752158252000,294.2,°C
346,1752158253000,294.3,°C
347,1752158254000,294.3,°C
348,1752158255000,294.5,°C
349,1752158256000,294.7,°C
350,1752158257000,294.8,°C
351,1752158258000,295.2,°C
352,1752158259000,295.3,°C
353,1752158260000,295.5,°C
354,1752158261000,296.0,°C
355,1752158262000,296.1,°C
356,1752158263000,296.4,°C
357,1752158264000,296.7,°C
358,1752158265000,296.9,°C
359,1752158266000,297.0,°C
360,1752158267000,297.2,°C
361,1752158268000,297.4,°C
362,1752158269000,297.4,°C
363,1752158270000,297.8,°C
364,1752158271000,297.9,°C
365,1752158272000,298.0,°C
366,1752158273000,298.6,°C
367,1752158274000,298.7,°C
368,1752158275000,299.0,°C
369,1752158276000,299.0,°C
370,1752158277000,301.0,°C
371,1752158278000,301.0,°C
372,1752158279000,301.4,°C
373,1752158280000,301.5,°C
374,1752158281000,301.7,°C
375,1752158282000,304.0,°C
376,1752158283000,303.9,°C
377,1752158284000,303.8,°C
378,1752158285000,303.9,°C
379,1752158286000,303.9,°C
380,1752158287000,304.1,°C
381,1752158288000,304.5,°C
382,1752158289000,304.8,°C
383,1752158290000,305.2,°C
384,1752158291000,305.8,°C
385,1752158292000,306.0,°C
386,1752158293000,306.2,°C
387,1752158294000,306.5,°C
388,1752158295000,306.7,°C
389,1752158296000,306.8,°C
390,1752158297000,308.8,°C
391,1752158298000,308.7,°C
392,1752158299000,308.5,°C
393,1752158300000,308.7,°C
394,1752158301000,308.7,°C
395,1752158302000,308.7,°C
396,1752158303000,308.9,°C
397,1752158304000,308.9,°C
398,1752158305000,309.0,°C
399,1752158306000,309.1,°C
400,1752158307000,311.1,°C
401,1752158308000,310.9,°C
402,1752158309000,310.6,°C
403,1752158310000,310.6,°C
404,1752158311000,310.4,°C
405,1752158312000,310.4,°C
406,1752158313000,311.6,°C
407,1752158314000,311.6,°C
408,1752158315000,311.7,°C
409,1752158316000,311.8,°C
410,1752158317000,312.0,°C
411,1752158318000,312.3,°C
412,1752158319000,312.5,°C
413,1752158320000,312.6,°C
414,1752158321000,313.0,°C
415,1752158322000,313.0,°C
416,1752158323000,313.1,°C
417,1752158324000,314.5,°C
418,1752158325000,314.4,°C
419,1752158326000,315.1,°C
420,1752158327000,315.2,°C
421,1752158328000,315.3,°C
422,1752158329000,316.9,°C
423,1752158330000,316.7,°C
424,1752158331000,316.7,°C
425,1752158332000,316.6,°C
426,1752158333000,316.6,°C
427,1752158334000,316.6,°C
428,1752158335000,316.5,°C
429,1752158336000,316.8,°C
430,1752158337000,316.8,°C
431,1752158338000,316.9,°C
432,1752158339000,318.3,°C
433,1752158340000,318.3,°C
434,1752158341000,318.4,°C
435,1752158342000,318.7,°C
436,1752158343000,318.7,°C
437,1752158344000,318.9,°C
438,1752158345000,318.9,°C
439,1752158346000,318.9,°C
440,1752158347000,319.6,°C
441,1752158348000,319.7,°C
442,1752158349000,319.8,°C
443,1752158350000,319.8,°C
444,1752158351000,320.1,°C
445,1752158352000,320.3,°C
446,1752158353000,320.4,°C
447,1752158354000,321.0,°C
448,1752158355000,321.1,°C
449,1752158356000,321.3,°C
450,1752158357000,321.6,°C
451,1752158358000,321.7,°C
452,1752158359000,321.9,°C
453,1752158360000,321.9,°C
454,1752158361000,322.2,°C
455,1752158362000,322.3,°C
456,1752158363000,322.5,°C
457,1752158364000,322.8,°C
458,1752158365000,323.0,°C
459,1752158366000,323.4,°C
460,1752158367000,323.5,°C
461,1752158368000,323.8,°C
462,1752158369000,324.0,°C
463,1752158370000,324.0,°C
464,1752158371000,324.0,°C
465,1752158372000,324.1,°C
466,1752158373000,324.1,°C
467,1752158374000,324.1,°C
468,1752158375000,324.1,°C
469,1752158376000,324.2,°C
470,1752158377000,324.4,°C
471,1752158378000,324.7,°C
472,1752158379000,324.7,°C
473,1752158380000,324.7,°C
474,1752158381000,324.7,°C
475,1752158382000,324.7,°C
476,1752158383000,325.7,°C
477,1752158384000,326.0,°C
478,1752158385000,326.0,°C
479,1752158386000,326.2,°C
480,1752158387000,326.5,°C
481,1752158388000,326.7,°C
482,1752158389000,326.8,°C
483,1752158390000,327.0,°C
484,1752158391000,327.2,°C
485,1752158392000,327.3,°C
486,1752158393000,327.5,°C
487,1752158394000,327.7,°C
488,1752158395000,327.7,°C
489,1752158396000,329.0,°C
490,1752158397000,328.9,°C
491,1752158398000,328.8,°C
492,1752158399000,328.7,°C
493,1752158400000,328.7,°C
494,1752158401000,328.7,°C
495,1752158402000,328.4,°C
496,1752158403000,329.6,°C
497,1752158404000,329.6,°C
498,1752158405000,329.6,°C
499,1752158406000,329.7,°C
500,1752158407000,329.7,°C
501,1752158408000,329.7,°C
502,1752158409000,329.8,°C
503,1752158410000,329.9,°C
504,1752158411000,330.1,°C
505,1752158412000,330.0,°C
506,1752158413000,330.0,°C
507,1752158414000,330.0,°C
508,1752158415000,330.5,°C
509,1752158416000,330.5,°C
510,1752158417000,330.8,°C
511,1752158418000,330.8,°C
512,1752158419000,330.9,°C
513,1752158420000,331.1,°C
514,1752158421000,331.1,°C
515,1752158422000,331.2,°C
516,1752158423000,331.5,°C
517,1752158424000,331.6,°C
518,1752158425000,331.7,°C
519,1752158426000,332.0,°C
520,1752158427000,332.2,°C
521,1752158428000,332.2,°C
522,1752158429000,332.7,°C
523,1752158430000,332.8,°C
524,1752158431000,332.9,°C
525,1752158432000,333.1,°C
526,1752158433000,333.2,°C
527,1752158434000,333.3,°C
528,1752158435000,333.5,°C
529,1752158436000,333.6,°C
530,1752158437000,333.8,°C
531,1752158438000,334.0,°C
532,1752158439000,334.2,°C
533,1752158440000,334.3,°C
534,1752158441000,334.6,°C
535,1752158442000,334.6,°C
536,1752158443000,334.6,°C
537,1752158444000,334.7,°C
538,1752158445000,334.7,°C
539,1752158446000,334.7,°C
540,1752158447000,334.6,°C
541,1752158448000,334.6,°C
542,1752158449000,334.6,°C
543,1752158450000,334.7,°C
544,1752158451000,334.8,°C
545,1752158452000,335.0,°C
546,1752158453000,336.5,°C
547,1752158454000,336.4,°C
548,1752158455000,336.4,°C
549,1752158456000,336.4,°C
550,1752158457000,336.4,°C
551,1752158458000,336.4,°C
552,1752158459000,336.4,°C
553,1752158460000,336.6,°C
554,1752158461000,336.8,°C
555,1752158462000,336.9,°C
556,1752158463000,336.9,°C
557,1752158464000,336.9,°C
558,1752158465000,337.5,°C
559,1752158466000,337.5,°C
560,1752158467000,337.5,°C
561,1752158468000,337.8,°C
562,1752158469000,337.7,°C
563,1752158470000,337.7,°C
564,1752158471000,337.9,°C
565,1752158472000,338.0,°C
566,1752158473000,338.2,°C
567,1752158474000,338.3,°C
568,1752158475000,339.4,°C
569,1752158476000,339.3,°C
570,1752158477000,339.3,°C
571,1752158478000,339.3,°C
572,1752158479000,339.3,°C
573,1752158480000,339.3,°C
574,1752158481000,339.3,°C
575,1752158482000,339.3,°C
576,1752158483000,339.3,°C
577,1752158484000,339.7,°C
578,1752158485000,339.7,°C
579,1752158486000,339.9,°C
580,1752158487000,339.9,°C
581,1752158488000,339.9,°C
582,1752158489000,340.1,°C
583,1752158490000,340.1,°C
584,1752158491000,340.1,°C
585,1752158492000,340.3,°C
586,1752158493000,340.4,°C
587,1752158494000,340.6,°C
588,1752158495000,340.8,°C
589,1752158496000,340.9,°C
590,1752158497000,341.0,°C
591,1752158498000,341.1,°C
592,1752158499000,341.1,°C
593,1752158500000,341.1,°C
594,1752158501000,341.2,°C
595,1752158502000,341.2,°C
596,1752158503000,341.1,°C
597,1752158504000,341.3,°C
598,1752158505000,341.3,°C
599,1752158506000,341.4,°C
600,1752158507000,341.5,°C
601,1752158508000,341.6,°C
602,1752158509000,341.7,°C
603,1752158510000,341.8,°C
604,1752158511000,342.0,°C
605,1752158512000,342.1,°C
606,1752158513000,342.3,°C
607,1752158514000,342.3,°C
608,1752158515000,342.5,°C
609,1752158516000,342.7,°C
610,1752158517000,342.7,°C
611,1752158518000,342.9,°C
612,1752158519000,342.9,°C
613,1752158520000,343.1,°C
614,1752158521000,343.2,°C
615,1752158522000,343.3,°C
616,1752158523000,343.3,°C
617,1752158524000,343.2,°C
618,1752158525000,343.2,°C
619,1752158526000,343.1,°C
620,1752158527000,343.1,°C
621,1752158528000,343.0,°C
622,1752158529000,343.1,°C
623,1752158530000,343.2,°C
624,1752158531000,343.3,°C
625,1752158532000,343.4,°C
626,1752158533000,343.5,°C
627,1752158534000,343.7,°C
628,1752158535000,343.8,°C
629,1752158536000,343.9,°C
630,1752158537000,343.9,°C
631,1752158538000,344.0,°C
632,1752158539000,344.0,°C
633,1752158540000,344.1,°C
634,1752158541000,344.1,°C
635,1752158542000,344.2,°C
636,1752158543000,344.3,°C
637,1752158544000,344.4,°C
638,1752158545000,344.5,°C
639,1752158546000,344.6,°C
640,1752158547000,344.7,°C
641,1752158548000,344.9,°C
642,1752158549000,345.1,°C
643,1752158550000,345.1,°C
644,1752158551000,345.1,°C
645,1752158552000,345.1,°C
646,1752158553000,345.1,°C
647,1752158554000,345.1,°C
648,1752158555000,345.4,°C
649,1752158556000,345.4,°C
650,1752158557000,345.7,°C
651,1752158558000,345.8,°C
652,1752158559000,345.9,°C
653,1752158560000,345.9,°C
654,1752158561000,346.1,°C
655,1752158562000,346.1,°C
656,1752158563000,346.1,°C
657,1752158564000,346.2,°C
658,1752158565000,346.2,°C
659,1752158566000,346.3,°C
660,1752158567000,346.4,°C
661,1752158568000,346.6,°C
662,1752158569000,346.6,°C
663,1752158570000,346.7,°C
664,1752158571000,346.8,°C
665,1752158572000,346.8,°C
666,1752158573000,347.0,°C
667,1752158574000,347.0,°C
668,1752158575000,347.0,°C
669,1752158576000,347.2,°C
670,1752158577000,347.2,°C
671,1752158578000,347.2,°C
672,1752158579000,347.3,°C
673,1752158580000,347.4,°C
674,1752158581000,347.6,°C
675,1752158582000,347.7,°C
676,1752158583000,347.8,°C
677,1752158584000,347.9,°C
678,1752158585000,348.0,°C
679,1752158586000,348.1,°C
680,1752158587000,348.1,°C
681,1752158588000,348.9,°C
682,1752158589000,348.9,°C
683,1752158590000,348.9,°C
684,1752158591000,348.8,°C
685,1752158592000,348.8,°C
686,1752158593000,348.7,°C
687,1752158594000,348.8,°C
688,1752158595000,348.8,°C
689,1752158596000,348.8,°C
690,1752158597000,348.8,°C
691,1752158598000,348.9,°C
692,1752158599000,348.9,°C
693,1752158600000,349.1,°C
694,1752158601000,349.2,°C
695,1752158602000,349.2,°C
696,1752158603000,349.4,°C
697,1752158604000,349.4,°C
698,1752158605000,349.5,°C
699,1752158606000,349.5,°C
700,1752158607000,349.6,°C
701,1752158608000,349.7,°C
702,1752158609000,349.8,°C
703,1752158610000,349.9,°C
704,1752158611000,349.8,°C
705,1752158612000,350.0,°C
706,1752158613000,350.0,°C
707,1752158614000,350.1,°C
708,1752158615000,350.2,°C
709,1752158616000,350.3,°C
710,1752158617000,350.4,°C
711,1752158618000,350.5,°C
712,1752158619000,350.6,°C
713,1752158620000,350.5,°C
714,1752158621000,350.7,°C
715,1752158622000,350.8,°C
716,1752158623000,350.8,°C
717,1752158624000,350.8,°C
718,1752158625000,350.8,°C
719,1752158626000,350.8,°C
720,1752158627000,351.2,°C
721,1752158628000,351.3,°C
722,1752158629000,351.4,°C
723,1752158630000,351.5,°C
724,1752158631000,351.6,°C
725,1752158632000,351.7,°C
726,1752158633000,351.9,°C
727,1752158634000,351.9,°C
728,1752158635000,352.0,°C
729,1752158636000,352.1,°C
730,1752158637000,352.3,°C
731,1752158638000,352.1,°C
732,1752158639000,352.2,°C
733,1752158640000,352.2,°C
734,1752158641000,352.3,°C
735,1752158642000,352.5,°C
736,1752158643000,352.6,°C
737,1752158644000,352.8,°C
738,1752158645000,352.8,°C
739,1752158646000,352.9,°C
740,1752158647000,353.1,°C
741,1752158648000,353.3,°C
742,1752158649000,353.4,°C
743,1752158650000,353.4,°C
744,1752158651000,353.7,°C
745,1752158652000,353.7,°C
746,1752158653000,353.8,°C
747,1752158654000,353.8,°C
748,1752158655000,353.8,°C
749,1752158656000,353.9,°C
750,1752158657000,353.8,°C
751,1752158658000,353.9,°C
752,1752158659000,353.8,°C
753,1752158660000,353.8,°C
754,1752158661000,353.9,°C
755,1752158662000,354.0,°C
756,1752158663000,354.3,°C
757,1752158664000,353.8,°C
758,1752158665000,353.7,°C
759,1752158666000,353.8,°C
760,1752158667000,353.8,°C
761,1752158668000,353.9,°C
762,1752158669000,353.9,°C
763,1752158670000,353.9,°C
764,1752158671000,354.0,°C
765,1752158672000,354.1,°C
766,1752158673000,354.2,°C
767,1752158674000,354.2,°C
768,1752158675000,354.2,°C
769,1752158676000,354.2,°C
770,1752158677000,355.5,°C
771,1752158678000,355.3,°C
772,1752158679000,355.2,°C
773,1752158680000,355.2,°C
774,1752158681000,355.1,°C
775,1752158682000,355.0,°C
776,1752158683000,355.1,°C
777,1752158684000,355.3,°C
778,1752158685000,355.2,°C
779,1752158686000,355.3,°C
780,1752158687000,355.4,°C
781,1752158688000,355.4,°C
782,1752158689000,355.4,°C
783,1752158690000,355.4,°C
784,1752158691000,355.4,°C
785,1752158692000,355.4,°C
786,1752158693000,355.6,°C
787,1752158694000,355.6,°C
788,1752158695000,355.7,°C
789,1752158696000,355.7,°C
790,1752158697000,355.7,°C
791,1752158698000,355.7,°C
792,1752158699000,357.2,°C
793,1752158700000,357.0,°C
794,1752158701000,357.0,°C
795,1752158702000,356.8,°C
796,1752158703000,356.7,°C
797,1752158704000,356.7,°C
798,1752158705000,356.8,°C
799,1752158706000,356.9,°C
800,1752158707000,356.9,°C
801,1752158708000,357.1,°C
802,1752158709000,357.1,°C
803,1752158710000,357.1,°C
804,1752158711000,357.3,°C
805,1752158712000,357.3,°C
806,1752158713000,357.3,°C
807,1752158714000,357.3,°C
808,1752158715000,357.4,°C
809,1752158716000,357.4,°C
810,1752158717000,357.4,°C
811,1752158718000,357.4,°C
812,1752158719000,357.4,°C
813,1752158720000,357.5,°C
814,1752158721000,357.5,°C
815,1752158722000,357.6,°C
816,1752158723000,357.8,°C
817,1752158724000,357.8,°C
818,1752158725000,358.0,°C
819,1752158726000,358.0,°C
820,1752158727000,359.4,°C
821,1752158728000,358.0,°C
822,1752158729000,358.1,°C
823,1752158730000,358.2,°C
824,1752158731000,358.2,°C
825,1752158732000,358.2,°C
826,1752158733000,358.2,°C
827,1752158734000,358.2,°C
828,1752158735000,358.2,°C
829,1752158736000,358.7,°C
830,1752158737000,358.7,°C
831,1752158738000,358.9,°C
832,1752158739000,359.1,°C
833,1752158740000,359.1,°C
834,1752158741000,359.3,°C
835,1752158742000,359.3,°C
836,1752158743000,359.4,°C
837,1752158744000,359.4,°C
838,1752158745000,359.4,°C
839,1752158746000,359.6,°C
840,1752158747000,359.7,°C
841,1752158748000,359.8,°C
842,1752158749000,359.8,°C
843,1752158750000,360.1,°C
844,1752158751000,360.2,°C
845,1752158752000,360.2,°C
846,1752158753000,360.3,°C
847,1752158754000,360.3,°C
848,1752158755000,360.3,°C
849,1752158756000,360.3,°C
850,1752158757000,360.3,°C
851,1752158758000,360.3,°C
852,1752158759000,360.4,°C
853,1752158760000,360.4,°C
854,1752158761000,360.4,°C
855,1752158762000,360.4,°C
856,1752158763000,360.5,°C
857,1752158764000,360.7,°C
858,1752158765000,360.6,°C
859,1752158766000,360.8,°C
860,1752158767000,360.9,°C
861,1752158768000,360.9,°C
862,1752158769000,360.9,°C
863,1752158770000,360.9,°C
864,1752158771000,361.6,°C
865,1752158772000,361.6,°C
866,1752158773000,361.5,°C
867,1752158774000,361.4,°C
868,1752158775000,361.4,°C
869,1752158776000,361.4,°C
870,1752158777000,361.7,°C
871,1752158778000,361.8,°C
872,1752158779000,361.8,°C
873,1752158780000,362.0,°C
874,1752158781000,362.0,°C
875,1752158782000,362.0,°C
876,1752158783000,362.0,°C
877,1752158784000,362.1,°C
878,1752158785000,362.1,°C
879,1752158786000,362.1,°C
880,1752158787000,362.2,°C
881,1752158788000,362.4,°C
882,1752158789000,362.4,°C
883,1752158790000,362.4,°C
884,1752158791000,362.4,°C
885,1752158792000,362.6,°C
886,1752158793000,362.5,°C
887,1752158794000,362.6,°C
888,1752158795000,362.7,°C
889,1752158796000,362.8,°C
890,1752158797000,362.9,°C
891,1752158798000,363.1,°C
892,1752158799000,362.6,°C
893,1752158800000,362.5,°C
894,1752158801000,362.6,°C
895,1752158802000,362.6,°C
896,1752158803000,362.7,°C
897,1752158804000,362.3,°C
898,1752158805000,362.3,°C
899,1752158806000,362.3,°C
900,1752158807000,362.3,°C
901,1752158808000,362.7,°C
902,1752158809000,362.6,°C
903,1752158810000,363.1,°C
904,1752158811000,363.1,°C
905,1752158812000,364.0,°C
906,1752158813000,362.8,°C
907,1752158814000,362.7,°C
908,1752158815000,362.8,°C
909,1752158816000,363.0,°C
910,1752158817000,363.0,°C
911,1752158818000,363.0,°C
912,1752158819000,363.2,°C
913,1752158820000,363.3,°C
914,1752158821000,363.3,°C
915,1752158822000,363.4,°C
916,1752158823000,363.6,°C
917,1752158824000,363.7,°C
918,1752158825000,364.1,°C
919,1752158826000,364.0,°C
920,1752158827000,363.9,°C
921,1752158828000,363.8,°C
922,1752158829000,363.7,°C
923,1752158830000,363.7,°C
924,1752158831000,363.7,°C
925,1752158832000,363.7,°C
926,1752158833000,363.9,°C
927,1752158834000,363.9,°C
928,1752158835000,364.0,°C
929,1752158836000,364.0,°C
930,1752158837000,364.0,°C
931,1752158838000,364.0,°C
932,1752158839000,364.1,°C
933,1752158840000,364.2,°C
934,1752158841000,364.2,°C
935,1752158842000,364.2,°C
936,1752158843000,364.5,°C
937,1752158844000,364.5,°C
938,1752158845000,364.5,°C
939,1752158846000,364.5,°C
940,1752158847000,364.5,°C
941,1752158848000,364.6,°C
942,1752158849000,364.7,°C
943,1752158850000,364.6,°C
944,1752158851000,364.6,°C
945,1752158852000,364.8,°C
946,1752158853000,364.7,°C
947,1752158854000,364.7,°C
948,1752158855000,364.8,°C
949,1752158856000,364.8,°C
950,1752158857000,364.7,°C
951,1752158858000,364.8,°C
952,1752158859000,364.9,°C
953,1752158860000,364.9,°C
954,1752158861000,365.0,°C
955,1752158862000,365.1,°C
956,1752158863000,365.2,°C
957,1752158864000,365.2,°C
958,1752158865000,365.2,°C
959,1752158866000,365.3,°C
960,1752158867000,365.2,°C
961,1752158868000,365.3,°C
962,1752158869000,365.3,°C
963,1752158870000,365.4,°C
964,1752158871000,365.5,°C
965,1752158872000,365.7,°C
966,1752158873000,365.7,°C
967,1752158874000,365.8,°C
968,1752158875000,365.9,°C
969,1752158876000,365.9,°C
970,1752158877000,365.8,°C
971,1752158878000,365.8,°C
972,1752158879000,365.8,°C
973,1752158880000,365.8,°C
974,1752158881000,366.1,°C
975,1752158882000,366.1,°C
976,1752158883000,366.1,°C
977,1752158884000,366.1,°C
978,1752158885000,366.1,°C
979,1752158886000,366.2,°C
980,1752158887000,366.2,°C
981,1752158888000,366.2,°C
982,1752158889000,366.2,°C
983,1752158890000,366.2,°C
984,1752158891000,365.6,°C
985,1752158892000,365.7,°C
986,1752158893000,365.9,°C
987,1752158894000,366.1,°C
988,1752158895000,366.2,°C
989,1752158896000,367.4,°C
990,1752158897000,367.1,°C
991,1752158898000,367.5,°C
992,1752158899000,367.4,°C
993,1752158900000,366.2,°C
994,1752158901000,366.4,°C
995,1752158902000,366.5,°C
996,1752158903000,366.5,°C
997,1752158904000,366.6,°C
998,1752158905000,366.8,°C
999,1752158906000,366.8,°C
1000,1752158907000,366.8,°C
1001,1752158908000,366.9,°C
1002,1752158909000,367.1,°C
1003,1752158910000,367.1,°C
1004,1752158911000,367.0,°C
1005,1752158912000,367.3,°C
1006,1752158913000,367.3,°C
1007,1752158914000,367.2,°C
1008,1752158915000,367.2,°C
1009,1752158916000,367.2,°C
1010,1752158917000,367.2,°C
1011,1752158918000,367.6,°C
1012,1752158919000,367.6,°C
1013,1752158920000,367.4,°C
1014,1752158921000,367.6,°C
1015,1752158922000,367.7,°C
1016,1752158923000,367.2,°C
1017,1752158924000,367.4,°C
1018,1752158925000,367.5,°C
1019,1752158926000,367.6,°C
1020,1752158927000,367.9,°C
1021,1752158928000,368.0,°C
1022,1752158929000,368.1,°C
1023,1752158930000,368.1,°C
1024,1752158931000,368.2,°C
1025,1752158932000,368.2,°C
1026,1752158933000,368.2,°C
1027,1752158934000,368.3,°C
1028,1752158935000,368.4,°C
1029,1752158936000,368.4,°C
1030,1752158937000,368.5,°C
1031,1752158938000,368.6,°C
1032,1752158939000,368.9,°C
1033,1752158940000,368.9,°C
1034,1752158941000,368.9,°C
1035,1752158942000,369.1,°C
1036,1752158943000,369.1,°C
1037,1752158944000,369.0,°C
1038,1752158945000,368.9,°C
1039,1752158946000,368.9,°C
1040,1752158947000,368.8,°C
1041,1752158948000,369.3,°C
1042,1752158949000,369.2,°C
1043,1752158950000,369.2,°C
1044,1752158951000,369.2,°C
1045,1752158952000,369.2,°C
1046,1752158953000,369.2,°C
1047,1752158954000,369.2,°C
1048,1752158955000,369.1,°C
1049,1752158956000,369.0,°C
1050,1752158957000,368.9,°C
1051,1752158958000,368.9,°C
1052,1752158959000,368.9,°C
1053,1752158960000,368.9,°C
1054,1752158961000,368.9,°C
1055,1752158962000,369.0,°C
1056,1752158963000,368.8,°C
1057,1752158964000,368.8,°C
1058,1752158965000,368.9,°C
1059,1752158966000,368.9,°C
1060,1752158967000,369.0,°C
1061,1752158968000,369.0,°C
1062,1752158969000,369.3,°C
1063,1752158970000,369.3,°C
1064,1752158971000,369.2,°C
1065,1752158972000,369.4,°C
1066,1752158973000,369.3,°C
1067,1752158974000,369.3,°C
1068,1752158975000,369.3,°C
1069,1752158976000,369.4,°C
1070,1752158977000,369.5,°C
1071,1752158978000,369.4,°C
1072,1752158979000,369.4,°C
1073,1752158980000,369.6,°C
1074,1752158981000,369.6,°C
1075,1752158982000,369.5,°C
1076,1752158983000,369.5,°C
1077,1752158984000,369.7,°C
1078,1752158985000,369.7,°C
1079,1752158986000,369.6,°C
1080,1752158987000,369.6,°C
1081,1752158988000,369.9,°C
1082,1752158989000,369.9,°C
1083,1752158990000,369.9,°C
1084,1752158991000,369.9,°C
1085,1752158992000,369.9,°C
1086,1752158993000,370.1,°C
1087,1752158994000,370.1,°C
1088,1752158995000,370.1,°C
1089,1752158996000,370.2,°C
1090,1752158997000,370.3,°C
1091,1752158998000,370.2,°C
1092,1752158999000,370.8,°C
1093,1752159000000,370.7,°C
1094,1752159001000,370.6,°C
1095,1752159002000,370.7,°C
1096,1752159003000,370.8,°C
1097,1752159004000,370.7,°C
1098,1752159005000,370.6,°C
1099,1752159006000,370.7,°C
1100,1752159007000,370.8,°C
1101,1752159008000,370.7,°C
1102,1752159009000,370.7,°C
1103,1752159010000,370.8,°C
1104,1752159011000,370.9,°C
1105,1752159012000,370.8,°C
1106,1752159013000,370.9,°C
1107,1752159014000,371.1,°C
1108,1752159015000,371.0,°C
1109,1752159016000,371.4,°C
1110,1752159017000,371.5,°C
1111,1752159018000,371.4,°C
1112,1752159019000,371.4,°C
1113,1752159020000,371.5,°C
1114,1752159021000,371.5,°C
1115,1752159022000,371.4,°C
1116,1752159023000,371.4,°C
1117,1752159024000,371.5,°C
1118,1752159025000,371.5,°C
1119,1752159026000,371.5,°C
1120,1752159027000,371.5,°C
1121,1752159028000,371.5,°C
1122,1752159029000,371.5,°C
1123,1752159030000,371.6,°C
1124,1752159031000,371.6,°C
1125,1752159032000,371.7,°C
1126,1752159033000,371.8,°C
1127,1752159034000,371.8,°C
1128,1752159035000,371.8,°C
1129,1752159036000,371.8,°C
1130,1752159037000,371.8,°C
1131,1752159038000,371.7,°C
1132,1752159039000,371.8,°C
1133,1752159040000,371.9,°C
1134,1752159041000,371.8,°C
1135,1752159042000,373.1,°C
1136,1752159043000,373.0,°C
1137,1752159044000,372.7,°C
1138,1752159045000,372.6,°C
1139,1752159046000,372.6,°C
1140,1752159047000,372.4,°C
1141,1752159048000,372.4,°C
1142,1752159049000,372.4,°C
1143,1752159050000,372.5,°C
1144,1752159051000,372.5,°C
1145,1752159052000,372.5,°C
1146,1752159053000,372.5,°C
1147,1752159054000,365.0,°C
1148,1752159055000,354.6,°C
